%%MatrixMarket matrix coordinate real general
225 225 1065
1 1 2.40000000024e-06
1 2 -4.0000000012e-07
1 16 -4.0000000012e-07
2 1 -4.0000000012e-07
2 2 1.99999999964e-06
2 3 -4.0000000012e-07
2 17 -3.9999999988e-07
3 2 -4.0000000012e-07
3 3 2.00000000024e-06
3 4 -4e-07
3 18 -4.0000000012e-07
4 3 -4e-07
4 4 2.00000000024e-06
4 5 -4.0000000012e-07
4 19 -4.0000000012e-07
5 4 -4.0000000012e-07
5 5 1.99999999964e-06
5 6 -4.0000000012e-07
5 20 -3.9999999988e-07
6 5 -4.0000000012e-07
6 6 1.99999999988e-06
6 7 -3.9999999964e-07
6 21 -4.0000000012e-07
7 6 -3.9999999964e-07
7 7 2.0000000024e-06
7 8 -4.0000000048e-07
7 22 -4.0000000084e-07
8 7 -4.0000000048e-07
8 8 1.99999999604e-06
8 9 -4.0000000048e-07
8 23 -3.9999999844e-07
9 8 -4.0000000048e-07
9 9 2.00000000204e-06
9 10 -3.9999999928e-07
9 24 -4.0000000084e-07
10 9 -3.9999999928e-07
10 10 2.00000000204e-06
10 11 -4.0000000048e-07
10 25 -4.0000000084e-07
11 10 -4.0000000048e-07
11 11 1.99999999604e-06
11 12 -4.0000000048e-07
11 26 -3.9999999844e-07
12 11 -4.0000000048e-07
12 12 2.00000000204e-06
12 13 -3.9999999928e-07
12 27 -4.0000000084e-07
13 12 -3.9999999928e-07
13 13 2.00000000204e-06
13 14 -4.0000000048e-07
13 28 -4.0000000084e-07
14 13 -4.0000000048e-07
14 14 1.99999999604e-06
14 15 -4.0000000048e-07
14 29 -3.9999999844e-07
15 14 -4.0000000048e-07
15 15 2.00000000204e-06
15 30 -4.0000000084e-07
16 1 -4.0000000012e-07
16 16 1.99999999964e-06
16 17 -3.9999999988e-07
16 31 -4.0000000012e-07
17 2 -3.9999999988e-07
17 16 -3.9999999988e-07
17 17 1.59999999952e-06
17 18 -3.9999999988e-07
17 32 -3.9999999988e-07
18 3 -4.0000000012e-07
18 17 -3.9999999988e-07
18 18 1.59999999988e-06
18 19 -3.9999999976e-07
18 33 -4.0000000012e-07
19 4 -4.0000000012e-07
19 18 -3.9999999976e-07
19 19 1.59999999988e-06
19 20 -3.9999999988e-07
19 34 -4.0000000012e-07
20 5 -3.9999999988e-07
20 19 -3.9999999988e-07
20 20 1.59999999952e-06
20 21 -3.9999999988e-07
20 35 -3.9999999988e-07
21 6 -4.0000000012e-07
21 20 -3.9999999988e-07
21 21 1.59999999952e-06
21 22 -3.999999994e-07
21 36 -4.0000000012e-07
22 7 -4.0000000084e-07
22 21 -3.999999994e-07
22 22 1.60000000132e-06
22 23 -4.0000000024e-07
22 37 -4.0000000084e-07
23 8 -3.9999999844e-07
23 22 -4.0000000024e-07
23 23 1.59999999736e-06
23 24 -4.0000000024e-07
23 38 -3.9999999844e-07
24 9 -4.0000000084e-07
24 23 -4.0000000024e-07
24 24 1.60000000096e-06
24 25 -3.9999999904e-07
24 39 -4.0000000084e-07
25 10 -4.0000000084e-07
25 24 -3.9999999904e-07
25 25 1.60000000096e-06
25 26 -4.0000000024e-07
25 40 -4.0000000084e-07
26 11 -3.9999999844e-07
26 25 -4.0000000024e-07
26 26 1.59999999736e-06
26 27 -4.0000000024e-07
26 41 -3.9999999844e-07
27 12 -4.0000000084e-07
27 26 -4.0000000024e-07
27 27 1.60000000096e-06
27 28 -3.9999999904e-07
27 42 -4.0000000084e-07
28 13 -4.0000000084e-07
28 27 -3.9999999904e-07
28 28 1.60000000096e-06
28 29 -4.0000000024e-07
28 43 -4.0000000084e-07
29 14 -3.9999999844e-07
29 28 -4.0000000024e-07
29 29 1.59999999736e-06
29 30 -4.0000000024e-07
29 44 -3.9999999844e-07
30 15 -4.0000000084e-07
30 29 -4.0000000024e-07
30 30 1.60000000096e-06
30 45 -4.0000000084e-07
31 16 -4.0000000012e-07
31 31 2.00000000024e-06
31 32 -4.0000000012e-07
31 46 -4e-07
32 17 -3.9999999988e-07
32 31 -4.0000000012e-07
32 32 1.59999999988e-06
32 33 -4.0000000012e-07
32 47 -3.9999999976e-07
33 18 -4.0000000012e-07
33 32 -4.0000000012e-07
33 33 1.60000000024e-06
33 34 -4e-07
33 48 -4e-07
34 19 -4.0000000012e-07
34 33 -4e-07
34 34 1.60000000024e-06
34 35 -4.0000000012e-07
34 49 -4e-07
35 20 -3.9999999988e-07
35 34 -4.0000000012e-07
35 35 1.59999999988e-06
35 36 -4.0000000012e-07
35 50 -3.9999999976e-07
36 21 -4.0000000012e-07
36 35 -4.0000000012e-07
36 36 1.59999999988e-06
36 37 -3.9999999964e-07
36 51 -4e-07
37 22 -4.0000000084e-07
37 36 -3.9999999964e-07
37 37 1.60000000168e-06
37 38 -4.0000000048e-07
37 52 -4.0000000072e-07
38 23 -3.9999999844e-07
38 37 -4.0000000048e-07
38 38 1.59999999772e-06
38 39 -4.0000000048e-07
38 53 -3.9999999832e-07
39 24 -4.0000000084e-07
39 38 -4.0000000048e-07
39 39 1.60000000132e-06
39 40 -3.9999999928e-07
39 54 -4.0000000072e-07
40 25 -4.0000000084e-07
40 39 -3.9999999928e-07
40 40 1.60000000132e-06
40 41 -4.0000000048e-07
40 55 -4.0000000072e-07
41 26 -3.9999999844e-07
41 40 -4.0000000048e-07
41 41 1.59999999772e-06
41 42 -4.0000000048e-07
41 56 -3.9999999832e-07
42 27 -4.0000000084e-07
42 41 -4.0000000048e-07
42 42 1.60000000132e-06
42 43 -3.9999999928e-07
42 57 -4.0000000072e-07
43 28 -4.0000000084e-07
43 42 -3.9999999928e-07
43 43 1.60000000132e-06
43 44 -4.0000000048e-07
43 58 -4.0000000072e-07
44 29 -3.9999999844e-07
44 43 -4.0000000048e-07
44 44 1.59999999772e-06
44 45 -4.0000000048e-07
44 59 -3.9999999832e-07
45 30 -4.0000000084e-07
45 44 -4.0000000048e-07
45 45 1.60000000132e-06
45 60 -4.0000000072e-07
46 31 -4e-07
46 46 2.00000000024e-06
46 47 -4.0000000012e-07
46 61 -4.0000000012e-07
47 32 -3.9999999976e-07
47 46 -4.0000000012e-07
47 47 1.59999999988e-06
47 48 -4.0000000012e-07
47 62 -3.9999999988e-07
48 33 -4e-07
48 47 -4.0000000012e-07
48 48 1.60000000024e-06
48 49 -4e-07
48 63 -4.0000000012e-07
49 34 -4e-07
49 48 -4e-07
49 49 1.60000000024e-06
49 50 -4.0000000012e-07
49 64 -4.0000000012e-07
50 35 -3.9999999976e-07
50 49 -4.0000000012e-07
50 50 1.59999999988e-06
50 51 -4.0000000012e-07
50 65 -3.9999999988e-07
51 36 -4e-07
51 50 -4.0000000012e-07
51 51 1.59999999988e-06
51 52 -3.9999999964e-07
51 66 -4.0000000012e-07
52 37 -4.0000000072e-07
52 51 -3.9999999964e-07
52 52 1.60000000168e-06
52 53 -4.0000000048e-07
52 67 -4.0000000084e-07
53 38 -3.9999999832e-07
53 52 -4.0000000048e-07
53 53 1.59999999772e-06
53 54 -4.0000000048e-07
53 68 -3.9999999844e-07
54 39 -4.0000000072e-07
54 53 -4.0000000048e-07
54 54 1.60000000132e-06
54 55 -3.9999999928e-07
54 69 -4.0000000084e-07
55 40 -4.0000000072e-07
55 54 -3.9999999928e-07
55 55 1.60000000132e-06
55 56 -4.0000000048e-07
55 70 -4.0000000084e-07
56 41 -3.9999999832e-07
56 55 -4.0000000048e-07
56 56 1.59999999772e-06
56 57 -4.0000000048e-07
56 71 -3.9999999844e-07
57 42 -4.0000000072e-07
57 56 -4.0000000048e-07
57 57 1.60000000132e-06
57 58 -3.9999999928e-07
57 72 -4.0000000084e-07
58 43 -4.0000000072e-07
58 57 -3.9999999928e-07
58 58 1.60000000132e-06
58 59 -4.0000000048e-07
58 73 -4.0000000084e-07
59 44 -3.9999999832e-07
59 58 -4.0000000048e-07
59 59 1.59999999772e-06
59 60 -4.0000000048e-07
59 74 -3.9999999844e-07
60 45 -4.0000000072e-07
60 59 -4.0000000048e-07
60 60 1.60000000132e-06
60 75 -4.0000000084e-07
61 46 -4.0000000012e-07
61 61 1.99999999964e-06
61 62 -3.9999999988e-07
61 76 -4.0000000012e-07
62 47 -3.9999999988e-07
62 61 -3.9999999988e-07
62 62 1.59999999952e-06
62 63 -3.9999999988e-07
62 77 -3.9999999988e-07
63 48 -4.0000000012e-07
63 62 -3.9999999988e-07
63 63 1.59999999988e-06
63 64 -3.9999999976e-07
63 78 -4.0000000012e-07
64 49 -4.0000000012e-07
64 63 -3.9999999976e-07
64 64 1.59999999988e-06
64 65 -3.9999999988e-07
64 79 -4.0000000012e-07
65 50 -3.9999999988e-07
65 64 -3.9999999988e-07
65 65 1.59999999952e-06
65 66 -3.9999999988e-07
65 80 -3.9999999988e-07
66 51 -4.0000000012e-07
66 65 -3.9999999988e-07
66 66 1.59999999952e-06
66 67 -3.999999994e-07
66 81 -4.0000000012e-07
67 52 -4.0000000084e-07
67 66 -3.999999994e-07
67 67 1.60000000132e-06
67 68 -4.0000000024e-07
67 82 -4.0000000084e-07
68 53 -3.9999999844e-07
68 67 -4.0000000024e-07
68 68 1.59999999736e-06
68 69 -4.0000000024e-07
68 83 -3.9999999844e-07
69 54 -4.0000000084e-07
69 68 -4.0000000024e-07
69 69 1.60000000096e-06
69 70 -3.9999999904e-07
69 84 -4.0000000084e-07
70 55 -4.0000000084e-07
70 69 -3.9999999904e-07
70 70 1.60000000096e-06
70 71 -4.0000000024e-07
70 85 -4.0000000084e-07
71 56 -3.9999999844e-07
71 70 -4.0000000024e-07
71 71 1.59999999736e-06
71 72 -4.0000000024e-07
71 86 -3.9999999844e-07
72 57 -4.0000000084e-07
72 71 -4.0000000024e-07
72 72 1.60000000096e-06
72 73 -3.9999999904e-07
72 87 -4.0000000084e-07
73 58 -4.0000000084e-07
73 72 -3.9999999904e-07
73 73 1.60000000096e-06
73 74 -4.0000000024e-07
73 88 -4.0000000084e-07
74 59 -3.9999999844e-07
74 73 -4.0000000024e-07
74 74 1.59999999736e-06
74 75 -4.0000000024e-07
74 89 -3.9999999844e-07
75 60 -4.0000000084e-07
75 74 -4.0000000024e-07
75 75 1.60000000096e-06
75 90 -4.0000000084e-07
76 61 -4.0000000012e-07
76 76 1.99999999988e-06
76 77 -4.0000000012e-07
76 91 -3.9999999964e-07
77 62 -3.9999999988e-07
77 76 -4.0000000012e-07
77 77 1.59999999952e-06
77 78 -4.0000000012e-07
77 92 -3.999999994e-07
78 63 -4.0000000012e-07
78 77 -4.0000000012e-07
78 78 1.59999999988e-06
78 79 -4e-07
78 93 -3.9999999964e-07
79 64 -4.0000000012e-07
79 78 -4e-07
79 79 1.59999999988e-06
79 80 -4.0000000012e-07
79 94 -3.9999999964e-07
80 65 -3.9999999988e-07
80 79 -4.0000000012e-07
80 80 1.59999999952e-06
80 81 -4.0000000012e-07
80 95 -3.999999994e-07
81 66 -4.0000000012e-07
81 80 -4.0000000012e-07
81 81 1.59999999952e-06
81 82 -3.9999999964e-07
81 96 -3.9999999964e-07
82 67 -4.0000000084e-07
82 81 -3.9999999964e-07
82 82 1.60000000132e-06
82 83 -4.0000000048e-07
82 97 -4.0000000036e-07
83 68 -3.9999999844e-07
83 82 -4.0000000048e-07
83 83 1.59999999736e-06
83 84 -4.0000000048e-07
83 98 -3.9999999796e-07
84 69 -4.0000000084e-07
84 83 -4.0000000048e-07
84 84 1.60000000096e-06
84 85 -3.9999999928e-07
84 99 -4.0000000036e-07
85 70 -4.0000000084e-07
85 84 -3.9999999928e-07
85 85 1.60000000096e-06
85 86 -4.0000000048e-07
85 100 -4.0000000036e-07
86 71 -3.9999999844e-07
86 85 -4.0000000048e-07
86 86 1.59999999736e-06
86 87 -4.0000000048e-07
86 101 -3.9999999796e-07
87 72 -4.0000000084e-07
87 86 -4.0000000048e-07
87 87 1.60000000096e-06
87 88 -3.9999999928e-07
87 102 -4.0000000036e-07
88 73 -4.0000000084e-07
88 87 -3.9999999928e-07
88 88 1.60000000096e-06
88 89 -4.0000000048e-07
88 103 -4.0000000036e-07
89 74 -3.9999999844e-07
89 88 -4.0000000048e-07
89 89 1.59999999736e-06
89 90 -4.0000000048e-07
89 104 -3.9999999796e-07
90 75 -4.0000000084e-07
90 89 -4.0000000048e-07
90 90 1.60000000096e-06
90 105 -4.0000000036e-07
91 76 -3.9999999964e-07
91 91 2.0000000024e-06
91 92 -4.0000000084e-07
91 106 -4.0000000048e-07
92 77 -3.999999994e-07
92 91 -4.0000000084e-07
92 92 1.60000000132e-06
92 93 -4.0000000084e-07
92 107 -4.0000000024e-07
93 78 -3.9999999964e-07
93 92 -4.0000000084e-07
93 93 1.60000000168e-06
93 94 -4.0000000072e-07
93 108 -4.0000000048e-07
94 79 -3.9999999964e-07
94 93 -4.0000000072e-07
94 94 1.60000000168e-06
94 95 -4.0000000084e-07
94 109 -4.0000000048e-07
95 80 -3.999999994e-07
95 94 -4.0000000084e-07
95 95 1.60000000132e-06
95 96 -4.0000000084e-07
95 110 -4.0000000024e-07
96 81 -3.9999999964e-07
96 95 -4.0000000084e-07
96 96 1.60000000132e-06
96 97 -4.0000000036e-07
96 111 -4.0000000048e-07
97 82 -4.0000000036e-07
97 96 -4.0000000036e-07
97 97 1.60000000312e-06
97 98 -4.000000012e-07
97 112 -4.000000012e-07
98 83 -3.9999999796e-07
98 97 -4.000000012e-07
98 98 1.59999999916e-06
98 99 -4.000000012e-07
98 113 -3.999999988e-07
99 84 -4.0000000036e-07
99 98 -4.000000012e-07
99 99 1.60000000276e-06
99 100 -4e-07
99 114 -4.000000012e-07
100 85 -4.0000000036e-07
100 99 -4e-07
100 100 1.60000000276e-06
100 101 -4.000000012e-07
100 115 -4.000000012e-07
101 86 -3.9999999796e-07
101 100 -4.000000012e-07
101 101 1.59999999916e-06
101 102 -4.000000012e-07
101 116 -3.999999988e-07
102 87 -4.0000000036e-07
102 101 -4.000000012e-07
102 102 1.60000000276e-06
102 103 -4e-07
102 117 -4.000000012e-07
103 88 -4.0000000036e-07
103 102 -4e-07
103 103 1.60000000276e-06
103 104 -4.000000012e-07
103 118 -4.000000012e-07
104 89 -3.9999999796e-07
104 103 -4.000000012e-07
104 104 1.59999999916e-06
104 105 -4.000000012e-07
104 119 -3.999999988e-07
105 90 -4.0000000036e-07
105 104 -4.000000012e-07
105 105 1.60000000276e-06
105 120 -4.000000012e-07
106 91 -4.0000000048e-07
106 106 1.99999999604e-06
106 107 -3.9999999844e-07
106 121 -4.0000000048e-07
107 92 -4.0000000024e-07
107 106 -3.9999999844e-07
107 107 1.59999999736e-06
107 108 -3.9999999844e-07
107 122 -4.0000000024e-07
108 93 -4.0000000048e-07
108 107 -3.9999999844e-07
108 108 1.59999999772e-06
108 109 -3.9999999832e-07
108 123 -4.0000000048e-07
109 94 -4.0000000048e-07
109 108 -3.9999999832e-07
109 109 1.59999999772e-06
109 110 -3.9999999844e-07
109 124 -4.0000000048e-07
110 95 -4.0000000024e-07
110 109 -3.9999999844e-07
110 110 1.59999999736e-06
110 111 -3.9999999844e-07
110 125 -4.0000000024e-07
111 96 -4.0000000048e-07
111 110 -3.9999999844e-07
111 111 1.59999999736e-06
111 112 -3.9999999796e-07
111 126 -4.0000000048e-07
112 97 -4.000000012e-07
112 111 -3.9999999796e-07
112 112 1.59999999916e-06
112 113 -3.999999988e-07
112 127 -4.000000012e-07
113 98 -3.999999988e-07
113 112 -3.999999988e-07
113 113 1.5999999952e-06
113 114 -3.999999988e-07
113 128 -3.999999988e-07
114 99 -4.000000012e-07
114 113 -3.999999988e-07
114 114 1.5999999988e-06
114 115 -3.999999976e-07
114 129 -4.000000012e-07
115 100 -4.000000012e-07
115 114 -3.999999976e-07
115 115 1.5999999988e-06
115 116 -3.999999988e-07
115 130 -4.000000012e-07
116 101 -3.999999988e-07
116 115 -3.999999988e-07
116 116 1.5999999952e-06
116 117 -3.999999988e-07
116 131 -3.999999988e-07
117 102 -4.000000012e-07
117 116 -3.999999988e-07
117 117 1.5999999988e-06
117 118 -3.999999976e-07
117 132 -4.000000012e-07
118 103 -4.000000012e-07
118 117 -3.999999976e-07
118 118 1.5999999988e-06
118 119 -3.999999988e-07
118 133 -4.000000012e-07
119 104 -3.999999988e-07
119 118 -3.999999988e-07
119 119 1.5999999952e-06
119 120 -3.999999988e-07
119 134 -3.999999988e-07
120 105 -4.000000012e-07
120 119 -3.999999988e-07
120 120 1.5999999988e-06
120 135 -4.000000012e-07
121 106 -4.0000000048e-07
121 121 2.00000000204e-06
121 122 -4.0000000084e-07
121 136 -3.9999999928e-07
122 107 -4.0000000024e-07
122 121 -4.0000000084e-07
122 122 1.60000000096e-06
122 123 -4.0000000084e-07
122 137 -3.9999999904e-07
123 108 -4.0000000048e-07
123 122 -4.0000000084e-07
123 123 1.60000000132e-06
123 124 -4.0000000072e-07
123 138 -3.9999999928e-07
124 109 -4.0000000048e-07
124 123 -4.0000000072e-07
124 124 1.60000000132e-06
124 125 -4.0000000084e-07
124 139 -3.9999999928e-07
125 110 -4.0000000024e-07
125 124 -4.0000000084e-07
125 125 1.60000000096e-06
125 126 -4.0000000084e-07
125 140 -3.9999999904e-07
126 111 -4.0000000048e-07
126 125 -4.0000000084e-07
126 126 1.60000000096e-06
126 127 -4.0000000036e-07
126 141 -3.9999999928e-07
127 112 -4.000000012e-07
127 126 -4.0000000036e-07
127 127 1.60000000276e-06
127 128 -4.000000012e-07
127 142 -4e-07
128 113 -3.999999988e-07
128 127 -4.000000012e-07
128 128 1.5999999988e-06
128 129 -4.000000012e-07
128 143 -3.999999976e-07
129 114 -4.000000012e-07
129 128 -4.000000012e-07
129 129 1.6000000024e-06
129 130 -4e-07
129 144 -4e-07
130 115 -4.000000012e-07
130 129 -4e-07
130 130 1.6000000024e-06
130 131 -4.000000012e-07
130 145 -4e-07
131 116 -3.999999988e-07
131 130 -4.000000012e-07
131 131 1.5999999988e-06
131 132 -4.000000012e-07
131 146 -3.999999976e-07
132 117 -4.000000012e-07
132 131 -4.000000012e-07
132 132 1.6000000024e-06
132 133 -4e-07
132 147 -4e-07
133 118 -4.000000012e-07
133 132 -4e-07
133 133 1.6000000024e-06
133 134 -4.000000012e-07
133 148 -4e-07
134 119 -3.999999988e-07
134 133 -4.000000012e-07
134 134 1.5999999988e-06
134 135 -4.000000012e-07
134 149 -3.999999976e-07
135 120 -4.000000012e-07
135 134 -4.000000012e-07
135 135 1.6000000024e-06
135 150 -4e-07
136 121 -3.9999999928e-07
136 136 2.00000000204e-06
136 137 -4.0000000084e-07
136 151 -4.0000000048e-07
137 122 -3.9999999904e-07
137 136 -4.0000000084e-07
137 137 1.60000000096e-06
137 138 -4.0000000084e-07
137 152 -4.0000000024e-07
138 123 -3.9999999928e-07
138 137 -4.0000000084e-07
138 138 1.60000000132e-06
138 139 -4.0000000072e-07
138 153 -4.0000000048e-07
139 124 -3.9999999928e-07
139 138 -4.0000000072e-07
139 139 1.60000000132e-06
139 140 -4.0000000084e-07
139 154 -4.0000000048e-07
140 125 -3.9999999904e-07
140 139 -4.0000000084e-07
140 140 1.60000000096e-06
140 141 -4.0000000084e-07
140 155 -4.0000000024e-07
141 126 -3.9999999928e-07
141 140 -4.0000000084e-07
141 141 1.60000000096e-06
141 142 -4.0000000036e-07
141 156 -4.0000000048e-07
142 127 -4e-07
142 141 -4.0000000036e-07
142 142 1.60000000276e-06
142 143 -4.000000012e-07
142 157 -4.000000012e-07
143 128 -3.999999976e-07
143 142 -4.000000012e-07
143 143 1.5999999988e-06
143 144 -4.000000012e-07
143 158 -3.999999988e-07
144 129 -4e-07
144 143 -4.000000012e-07
144 144 1.6000000024e-06
144 145 -4e-07
144 159 -4.000000012e-07
145 130 -4e-07
145 144 -4e-07
145 145 1.6000000024e-06
145 146 -4.000000012e-07
145 160 -4.000000012e-07
146 131 -3.999999976e-07
146 145 -4.000000012e-07
146 146 1.5999999988e-06
146 147 -4.000000012e-07
146 161 -3.999999988e-07
147 132 -4e-07
147 146 -4.000000012e-07
147 147 1.6000000024e-06
147 148 -4e-07
147 162 -4.000000012e-07
148 133 -4e-07
148 147 -4e-07
148 148 1.6000000024e-06
148 149 -4.000000012e-07
148 163 -4.000000012e-07
149 134 -3.999999976e-07
149 148 -4.000000012e-07
149 149 1.5999999988e-06
149 150 -4.000000012e-07
149 164 -3.999999988e-07
150 135 -4e-07
150 149 -4.000000012e-07
150 150 1.6000000024e-06
150 165 -4.000000012e-07
151 136 -4.0000000048e-07
151 151 1.99999999604e-06
151 152 -3.9999999844e-07
151 166 -4.0000000048e-07
152 137 -4.0000000024e-07
152 151 -3.9999999844e-07
152 152 1.59999999736e-06
152 153 -3.9999999844e-07
152 167 -4.0000000024e-07
153 138 -4.0000000048e-07
153 152 -3.9999999844e-07
153 153 1.59999999772e-06
153 154 -3.9999999832e-07
153 168 -4.0000000048e-07
154 139 -4.0000000048e-07
154 153 -3.9999999832e-07
154 154 1.59999999772e-06
154 155 -3.9999999844e-07
154 169 -4.0000000048e-07
155 140 -4.0000000024e-07
155 154 -3.9999999844e-07
155 155 1.59999999736e-06
155 156 -3.9999999844e-07
155 170 -4.0000000024e-07
156 141 -4.0000000048e-07
156 155 -3.9999999844e-07
156 156 1.59999999736e-06
156 157 -3.9999999796e-07
156 171 -4.0000000048e-07
157 142 -4.000000012e-07
157 156 -3.9999999796e-07
157 157 1.59999999916e-06
157 158 -3.999999988e-07
157 172 -4.000000012e-07
158 143 -3.999999988e-07
158 157 -3.999999988e-07
158 158 1.5999999952e-06
158 159 -3.999999988e-07
158 173 -3.999999988e-07
159 144 -4.000000012e-07
159 158 -3.999999988e-07
159 159 1.5999999988e-06
159 160 -3.999999976e-07
159 174 -4.000000012e-07
160 145 -4.000000012e-07
160 159 -3.999999976e-07
160 160 1.5999999988e-06
160 161 -3.999999988e-07
160 175 -4.000000012e-07
161 146 -3.999999988e-07
161 160 -3.999999988e-07
161 161 1.5999999952e-06
161 162 -3.999999988e-07
161 176 -3.999999988e-07
162 147 -4.000000012e-07
162 161 -3.999999988e-07
162 162 1.5999999988e-06
162 163 -3.999999976e-07
162 177 -4.000000012e-07
163 148 -4.000000012e-07
163 162 -3.999999976e-07
163 163 1.5999999988e-06
163 164 -3.999999988e-07
163 178 -4.000000012e-07
164 149 -3.999999988e-07
164 163 -3.999999988e-07
164 164 1.5999999952e-06
164 165 -3.999999988e-07
164 179 -3.999999988e-07
165 150 -4.000000012e-07
165 164 -3.999999988e-07
165 165 1.5999999988e-06
165 180 -4.000000012e-07
166 151 -4.0000000048e-07
166 166 2.00000000204e-06
166 167 -4.0000000084e-07
166 181 -3.9999999928e-07
167 152 -4.0000000024e-07
167 166 -4.0000000084e-07
167 167 1.60000000096e-06
167 168 -4.0000000084e-07
167 182 -3.9999999904e-07
168 153 -4.0000000048e-07
168 167 -4.0000000084e-07
168 168 1.60000000132e-06
168 169 -4.0000000072e-07
168 183 -3.9999999928e-07
169 154 -4.0000000048e-07
169 168 -4.0000000072e-07
169 169 1.60000000132e-06
169 170 -4.0000000084e-07
169 184 -3.9999999928e-07
170 155 -4.0000000024e-07
170 169 -4.0000000084e-07
170 170 1.60000000096e-06
170 171 -4.0000000084e-07
170 185 -3.9999999904e-07
171 156 -4.0000000048e-07
171 170 -4.0000000084e-07
171 171 1.60000000096e-06
171 172 -4.0000000036e-07
171 186 -3.9999999928e-07
172 157 -4.000000012e-07
172 171 -4.0000000036e-07
172 172 1.60000000276e-06
172 173 -4.000000012e-07
172 187 -4e-07
173 158 -3.999999988e-07
173 172 -4.000000012e-07
173 173 1.5999999988e-06
173 174 -4.000000012e-07
173 188 -3.999999976e-07
174 159 -4.000000012e-07
174 173 -4.000000012e-07
174 174 1.6000000024e-06
174 175 -4e-07
174 189 -4e-07
175 160 -4.000000012e-07
175 174 -4e-07
175 175 1.6000000024e-06
175 176 -4.000000012e-07
175 190 -4e-07
176 161 -3.999999988e-07
176 175 -4.000000012e-07
176 176 1.5999999988e-06
176 177 -4.000000012e-07
176 191 -3.999999976e-07
177 162 -4.000000012e-07
177 176 -4.000000012e-07
177 177 1.6000000024e-06
177 178 -4e-07
177 192 -4e-07
178 163 -4.000000012e-07
178 177 -4e-07
178 178 1.6000000024e-06
178 179 -4.000000012e-07
178 193 -4e-07
179 164 -3.999999988e-07
179 178 -4.000000012e-07
179 179 1.5999999988e-06
179 180 -4.000000012e-07
179 194 -3.999999976e-07
180 165 -4.000000012e-07
180 179 -4.000000012e-07
180 180 1.6000000024e-06
180 195 -4e-07
181 166 -3.9999999928e-07
181 181 2.00000000204e-06
181 182 -4.0000000084e-07
181 196 -4.0000000048e-07
182 167 -3.9999999904e-07
182 181 -4.0000000084e-07
182 182 1.60000000096e-06
182 183 -4.0000000084e-07
182 197 -4.0000000024e-07
183 168 -3.9999999928e-07
183 182 -4.0000000084e-07
183 183 1.60000000132e-06
183 184 -4.0000000072e-07
183 198 -4.0000000048e-07
184 169 -3.9999999928e-07
184 183 -4.0000000072e-07
184 184 1.60000000132e-06
184 185 -4.0000000084e-07
184 199 -4.0000000048e-07
185 170 -3.9999999904e-07
185 184 -4.0000000084e-07
185 185 1.60000000096e-06
185 186 -4.0000000084e-07
185 200 -4.0000000024e-07
186 171 -3.9999999928e-07
186 185 -4.0000000084e-07
186 186 1.60000000096e-06
186 187 -4.0000000036e-07
186 201 -4.0000000048e-07
187 172 -4e-07
187 186 -4.0000000036e-07
187 187 1.60000000276e-06
187 188 -4.000000012e-07
187 202 -4.000000012e-07
188 173 -3.999999976e-07
188 187 -4.000000012e-07
188 188 1.5999999988e-06
188 189 -4.000000012e-07
188 203 -3.999999988e-07
189 174 -4e-07
189 188 -4.000000012e-07
189 189 1.6000000024e-06
189 190 -4e-07
189 204 -4.000000012e-07
190 175 -4e-07
190 189 -4e-07
190 190 1.6000000024e-06
190 191 -4.000000012e-07
190 205 -4.000000012e-07
191 176 -3.999999976e-07
191 190 -4.000000012e-07
191 191 1.5999999988e-06
191 192 -4.000000012e-07
191 206 -3.999999988e-07
192 177 -4e-07
192 191 -4.000000012e-07
192 192 1.6000000024e-06
192 193 -4e-07
192 207 -4.000000012e-07
193 178 -4e-07
193 192 -4e-07
193 193 1.6000000024e-06
193 194 -4.000000012e-07
193 208 -4.000000012e-07
194 179 -3.999999976e-07
194 193 -4.000000012e-07
194 194 1.5999999988e-06
194 195 -4.000000012e-07
194 209 -3.999999988e-07
195 180 -4e-07
195 194 -4.000000012e-07
195 195 1.6000000024e-06
195 210 -4.000000012e-07
196 181 -4.0000000048e-07
196 196 1.99999999604e-06
196 197 -3.9999999844e-07
196 211 -4.0000000048e-07
197 182 -4.0000000024e-07
197 196 -3.9999999844e-07
197 197 1.59999999736e-06
197 198 -3.9999999844e-07
197 212 -4.0000000024e-07
198 183 -4.0000000048e-07
198 197 -3.9999999844e-07
198 198 1.59999999772e-06
198 199 -3.9999999832e-07
198 213 -4.0000000048e-07
199 184 -4.0000000048e-07
199 198 -3.9999999832e-07
199 199 1.59999999772e-06
199 200 -3.9999999844e-07
199 214 -4.0000000048e-07
200 185 -4.0000000024e-07
200 199 -3.9999999844e-07
200 200 1.59999999736e-06
200 201 -3.9999999844e-07
200 215 -4.0000000024e-07
201 186 -4.0000000048e-07
201 200 -3.9999999844e-07
201 201 1.59999999736e-06
201 202 -3.9999999796e-07
201 216 -4.0000000048e-07
202 187 -4.000000012e-07
202 201 -3.9999999796e-07
202 202 1.59999999916e-06
202 203 -3.999999988e-07
202 217 -4.000000012e-07
203 188 -3.999999988e-07
203 202 -3.999999988e-07
203 203 1.5999999952e-06
203 204 -3.999999988e-07
203 218 -3.999999988e-07
204 189 -4.000000012e-07
204 203 -3.999999988e-07
204 204 1.5999999988e-06
204 205 -3.999999976e-07
204 219 -4.000000012e-07
205 190 -4.000000012e-07
205 204 -3.999999976e-07
205 205 1.5999999988e-06
205 206 -3.999999988e-07
205 220 -4.000000012e-07
206 191 -3.999999988e-07
206 205 -3.999999988e-07
206 206 1.5999999952e-06
206 207 -3.999999988e-07
206 221 -3.999999988e-07
207 192 -4.000000012e-07
207 206 -3.999999988e-07
207 207 1.5999999988e-06
207 208 -3.999999976e-07
207 222 -4.000000012e-07
208 193 -4.000000012e-07
208 207 -3.999999976e-07
208 208 1.5999999988e-06
208 209 -3.999999988e-07
208 223 -4.000000012e-07
209 194 -3.999999988e-07
209 208 -3.999999988e-07
209 209 1.5999999952e-06
209 210 -3.999999988e-07
209 224 -3.999999988e-07
210 195 -4.000000012e-07
210 209 -3.999999988e-07
210 210 1.5999999988e-06
210 225 -4.000000012e-07
211 196 -4.0000000048e-07
211 211 2.00000000204e-06
211 212 -4.0000000084e-07
212 197 -4.0000000024e-07
212 211 -4.0000000084e-07
212 212 1.60000000096e-06
212 213 -4.0000000084e-07
213 198 -4.0000000048e-07
213 212 -4.0000000084e-07
213 213 1.60000000132e-06
213 214 -4.0000000072e-07
214 199 -4.0000000048e-07
214 213 -4.0000000072e-07
214 214 1.60000000132e-06
214 215 -4.0000000084e-07
215 200 -4.0000000024e-07
215 214 -4.0000000084e-07
215 215 1.60000000096e-06
215 216 -4.0000000084e-07
216 201 -4.0000000048e-07
216 215 -4.0000000084e-07
216 216 1.60000000096e-06
216 217 -4.0000000036e-07
217 202 -4.000000012e-07
217 216 -4.0000000036e-07
217 217 1.60000000276e-06
217 218 -4.000000012e-07
218 203 -3.999999988e-07
218 217 -4.000000012e-07
218 218 1.5999999988e-06
218 219 -4.000000012e-07
219 204 -4.000000012e-07
219 218 -4.000000012e-07
219 219 1.6000000024e-06
219 220 -4e-07
220 205 -4.000000012e-07
220 219 -4e-07
220 220 1.6000000024e-06
220 221 -4.000000012e-07
221 206 -3.999999988e-07
221 220 -4.000000012e-07
221 221 1.5999999988e-06
221 222 -4.000000012e-07
222 207 -4.000000012e-07
222 221 -4.000000012e-07
222 222 1.6000000024e-06
222 223 -4e-07
223 208 -4.000000012e-07
223 222 -4e-07
223 223 1.6000000024e-06
223 224 -4.000000012e-07
224 209 -3.999999988e-07
224 223 -4.000000012e-07
224 224 1.5999999988e-06
224 225 -4.000000012e-07
225 210 -4.000000012e-07
225 224 -4.000000012e-07
225 225 1.6000000024e-06
