%%MatrixMarket matrix coordinate real general
225 45 45
1 1 -4e-07
1 16 -4e-07
2 2 -3.999999976e-07
3 3 -4e-07
4 4 -4e-07
5 5 -3.999999976e-07
6 6 -4e-07
7 7 -4e-07
8 8 -3.999999976e-07
9 9 -4e-07
10 10 -4e-07
11 11 -3.999999976e-07
12 12 -4e-07
13 13 -4e-07
14 14 -3.999999976e-07
15 15 -4e-07
15 31 -4e-07
16 17 -3.999999976e-07
30 32 -3.999999976e-07
31 18 -4e-07
45 33 -4e-07
46 19 -4e-07
60 34 -4e-07
61 20 -3.999999976e-07
75 35 -3.999999976e-07
76 21 -4e-07
90 36 -4e-07
91 22 -4e-07
105 37 -4e-07
106 23 -3.999999976e-07
120 38 -3.999999976e-07
121 24 -4e-07
135 39 -4e-07
136 25 -4e-07
150 40 -4e-07
151 26 -3.999999976e-07
165 41 -3.999999976e-07
166 27 -4e-07
180 42 -4e-07
181 28 -4e-07
195 43 -4e-07
196 29 -3.999999976e-07
210 44 -3.999999976e-07
211 30 -4e-07
225 45 -4e-07
