%%MatrixMarket matrix coordinate real general
225 30 30
15 1 -3.9999999928e-07
30 2 -3.9999999904e-07
45 3 -3.9999999928e-07
60 4 -3.9999999928e-07
75 5 -3.9999999904e-07
90 6 -3.9999999928e-07
105 7 -4e-07
120 8 -3.999999976e-07
135 9 -4e-07
150 10 -4e-07
165 11 -3.999999976e-07
180 12 -4e-07
195 13 -4e-07
210 14 -3.999999976e-07
211 16 -3.9999999928e-07
212 17 -3.9999999904e-07
213 18 -3.9999999928e-07
214 19 -3.9999999928e-07
215 20 -3.9999999904e-07
216 21 -3.9999999928e-07
217 22 -4e-07
218 23 -3.999999976e-07
219 24 -4e-07
220 25 -4e-07
221 26 -3.999999976e-07
222 27 -4e-07
223 28 -4e-07
224 29 -3.999999976e-07
225 15 -4e-07
225 30 -4e-07
