%%MatrixMarket matrix coordinate real general
450 45 45
15 1 -3.9999999928e-07
30 2 -3.9999999904e-07
45 3 -3.9999999928e-07
60 4 -3.9999999928e-07
75 5 -3.9999999904e-07
90 6 -3.9999999928e-07
105 7 -4e-07
120 8 -3.999999976e-07
135 9 -4e-07
150 10 -4e-07
165 11 -3.999999976e-07
180 12 -4e-07
195 13 -4e-07
210 14 -3.999999976e-07
225 15 -4e-07
240 16 -4e-07
255 17 -3.999999976e-07
270 18 -4e-07
285 19 -4e-07
300 20 -3.999999976e-07
315 21 -4e-07
330 22 -4e-07
345 23 -3.999999976e-07
360 24 -4e-07
375 25 -4e-07
390 26 -3.999999976e-07
405 27 -4e-07
420 28 -4e-07
435 29 -3.999999976e-07
436 31 -3.9999999928e-07
437 32 -3.9999999904e-07
438 33 -3.9999999928e-07
439 34 -3.9999999928e-07
440 35 -3.9999999904e-07
441 36 -3.9999999928e-07
442 37 -4e-07
443 38 -3.999999976e-07
444 39 -4e-07
445 40 -4e-07
446 41 -3.999999976e-07
447 42 -4e-07
448 43 -4e-07
449 44 -3.999999976e-07
450 30 -4e-07
450 45 -4e-07
