%%MatrixMarket matrix coordinate real general
900 60 60
30 1 -3.9999999928e-07
60 2 -3.9999999904e-07
90 3 -3.9999999928e-07
120 4 -3.9999999928e-07
150 5 -3.9999999904e-07
180 6 -3.9999999928e-07
210 7 -4e-07
240 8 -3.999999976e-07
270 9 -4e-07
300 10 -4e-07
330 11 -3.999999976e-07
360 12 -4e-07
390 13 -4e-07
420 14 -3.999999976e-07
450 15 -4e-07
480 16 -4e-07
510 17 -3.999999976e-07
540 18 -4e-07
570 19 -4e-07
600 20 -3.999999976e-07
630 21 -4e-07
660 22 -4e-07
690 23 -3.999999976e-07
720 24 -4e-07
750 25 -4e-07
780 26 -3.999999976e-07
810 27 -4e-07
840 28 -4e-07
870 29 -3.999999976e-07
871 31 -3.9999999928e-07
872 32 -3.9999999904e-07
873 33 -3.9999999928e-07
874 34 -3.9999999928e-07
875 35 -3.9999999904e-07
876 36 -3.9999999928e-07
877 37 -4e-07
878 38 -3.999999976e-07
879 39 -4e-07
880 40 -4e-07
881 41 -3.999999976e-07
882 42 -4e-07
883 43 -4e-07
884 44 -3.999999976e-07
885 45 -4e-07
886 46 -4e-07
887 47 -3.999999976e-07
888 48 -4e-07
889 49 -4e-07
890 50 -3.999999976e-07
891 51 -4e-07
892 52 -4e-07
893 53 -3.999999976e-07
894 54 -4e-07
895 55 -4e-07
896 56 -3.999999976e-07
897 57 -4e-07
898 58 -4e-07
899 59 -3.999999976e-07
900 30 -4e-07
900 60 -4e-07
