%%%%%%%%%%%%%%%%%%%%%%%%%%%%%%%%%%%%%%%%%%%
%% PARALUTION MPI ParallelManager output %%
%%%%%%%%%%%%%%%%%%%%%%%%%%%%%%%%%%%%%%%%%%%
#RANK
0
%%%%%%%%%%%%%%%%%%%%%%%%%%%%%%%%%%%%%%%%%%%
#GLOBAL_SIZE
3600
%%%%%%%%%%%%%%%%%%%%%%%%%%%%%%%%%%%%%%%%%%%
#LOCAL_SIZE
1800
%%%%%%%%%%%%%%%%%%%%%%%%%%%%%%%%%%%%%%%%%%%
#GHOST_SIZE
60
%%%%%%%%%%%%%%%%%%%%%%%%%%%%%%%%%%%%%%%%%%%
#BOUNDARY_SIZE
60
%%%%%%%%%%%%%%%%%%%%%%%%%%%%%%%%%%%%%%%%%%%
#NUMBER_OF_RECEIVERS
1
%%%%%%%%%%%%%%%%%%%%%%%%%%%%%%%%%%%%%%%%%%%
#NUMBER_OF_SENDERS
1
%%%%%%%%%%%%%%%%%%%%%%%%%%%%%%%%%%%%%%%%%%%
#RECEIVERS_RANK
1
%%%%%%%%%%%%%%%%%%%%%%%%%%%%%%%%%%%%%%%%%%%
#SENDERS_RANK
1
%%%%%%%%%%%%%%%%%%%%%%%%%%%%%%%%%%%%%%%%%%%
#RECEIVERS_INDEX_OFFSET
0
60
%%%%%%%%%%%%%%%%%%%%%%%%%%%%%%%%%%%%%%%%%%%
#SENDERS_INDEX_OFFSET
0
60
%%%%%%%%%%%%%%%%%%%%%%%%%%%%%%%%%%%%%%%%%%%
#BOUNDARY_INDEX
29
59
89
119
149
179
209
239
269
299
329
359
389
419
449
479
509
539
569
599
629
659
689
719
749
779
809
839
869
899
929
959
989
1019
1049
1079
1109
1139
1169
1199
1229
1259
1289
1319
1349
1379
1409
1439
1469
1499
1529
1559
1589
1619
1649
1679
1709
1739
1769
1799
