%%MatrixMarket matrix coordinate real general
1800 60 60
30 1 -3.9999999928e-07
60 2 -3.9999999904e-07
90 3 -3.9999999928e-07
120 4 -3.9999999928e-07
150 5 -3.9999999904e-07
180 6 -3.9999999928e-07
210 7 -4e-07
240 8 -3.999999976e-07
270 9 -4e-07
300 10 -4e-07
330 11 -3.999999976e-07
360 12 -4e-07
390 13 -4e-07
420 14 -3.999999976e-07
450 15 -4e-07
480 16 -4e-07
510 17 -3.999999976e-07
540 18 -4e-07
570 19 -4e-07
600 20 -3.999999976e-07
630 21 -4e-07
660 22 -4e-07
690 23 -3.999999976e-07
720 24 -4e-07
750 25 -4e-07
780 26 -3.999999976e-07
810 27 -4e-07
840 28 -4e-07
870 29 -3.999999976e-07
900 30 -4e-07
930 31 -4e-07
960 32 -3.999999976e-07
990 33 -4e-07
1020 34 -4e-07
1050 35 -3.999999976e-07
1080 36 -4e-07
1110 37 -4e-07
1140 38 -3.999999976e-07
1170 39 -4e-07
1200 40 -4e-07
1230 41 -3.999999976e-07
1260 42 -4e-07
1290 43 -4e-07
1320 44 -3.999999976e-07
1350 45 -4e-07
1380 46 -4e-07
1410 47 -3.999999976e-07
1440 48 -4e-07
1470 49 -4e-07
1500 50 -3.999999976e-07
1530 51 -4e-07
1560 52 -4e-07
1590 53 -3.999999976e-07
1620 54 -4e-07
1650 55 -4e-07
1680 56 -3.999999976e-07
1710 57 -4e-07
1740 58 -4e-07
1770 59 -3.999999976e-07
1800 60 -4e-07
